HDLVEF
DRGCODE   0   1
    0    63   8
    1    44   2
    2     5   0
    4     3   0
    5     1   0
    7    14   2
    8     2   0
    9     2   0
    10    5   0
    12    6   0
    14  178  10
    15    4   0
    16    5   0
    18    3   1
    20   12   1
    21    2   0
    22    5   0
    23    1   0
    24   12   1
    25    1   0
    27   12   0
    28   48   5
    29    4   0
    33    1   0
    34    7   0
    45    1   0
    46    2   0
    53    1   0
    64    1   0
    68    2   0
    73    2   0
    75   42   5
    76   40   3
    78   53   5
    79   53   9
    82   15   1
    83    2   0
    85    4   0
    87   28   3
    88   10   3
    89   43   1
    92    2   1
    94    4   0
    95    1   0
    96    4   1
    99    1   0
    101   2   0
    102   1   0
    104   5   0
    105   3   0
    106   3   0
    107   1   0
    108   2   0
    109   2   0
    110  46   5
    113  10   1
    115   1   0
    116   7   0
    117   1   0
    119   1   0
    120  12   2
    121  57   3
    122   1   0
    123  17   1
    124  16   3
    125   3   0
    126  13   1
    127  65   3
    129   2   0
    130  12   1
    133   1   0
    134   4   0
    135   2   0
    138  11   1
    141   7   0
    144  48   2
    145   1   0
    146   2   0
    148  73   4
    150   9   2
    152   1   0
    154  25   2
    157   2   0
    159   5   0
    161   3   0
    164   1   0
    166   2   1
    170  15   1
    172   5   1
    174  71   4
    176   1   1
    180   4   0
    182  14   0
    185   1   0
    188  18   4
    191  41   6
    193   6   0
    195   2   0
    197   5   0
    200   1   0
    201  12   1
    202  24   6
    203  11   2
    204  30   0
    205  30   5
    207  23   0
    209   7   0
    210  21   2
    213   4   0
    216   3   0
    217  11   1
    218  11   0
    223   0   1
    226   5   0
    228   2   0
    231   1   0
    233   3   0
    235   1   0
    236   4   0
    239   5   0
    240   7   0
    243   7   1
    249   1   0
    250   1   0
    253   3   0
    257   1   0
    263   1   0
    265   1   0
    269   1   0
    271   1   0
    272   1   0
    277   7   0
    278   1   0
    280   3   1
    285   2   0
    286   0   1
    287   2   0
    288   1   0
    292   5   0
    294  22   1
    295   5   0
    296  18   1
    297   0   1
    300   3   0
    302   9   1
    303  15   0
    304   5   1
    310   1   0
    315   8   1
    316  80   9
    318   1   0
    320   9   1
    331  10   1
    332   1   0
    334   3   0
    353   1   0
    354   2   0
    358   3   0
    360   1   0
    365   1   0
    366   1   0
    370   9   0
    372   3   0
    374   2   0
    376   5   0
    377   3   0
    381   2   0
    383   6   0
    384   1   0
    389   1   0
    392   1   0
    394   3   0
    395   8   1
    397   7   0
    398   9   0
    400   1   0
    401   5   4
    403  11   0
    406   6   0
    410   4   2
    413   3   0
    415  77   7
    416 233  21
    418   8   1
    419   3   0
    420   1   0
    421   2   0
    423  15   2
    433   1   0
    439   2   0
    440   2   0
    442  12   0
    444   1   0
    447   2   0
    449  45   2
    452  12   3
    454   3   1
    468  56  12
    471   1   0
    473  16   1
    475 229  17
    477   6   2
    478  19   0
    480  25   6
    481  13   6
    482   3   0
    483 137  15
    484   8   2
    485  13   0
    486  29   3
    487  23   1
    488   7   0
    489  36   0
    490   1   0
    491   3   0
    492   8   1
    493   4   0
    496   5   0
    497  10   1
    499   1   1
    501   1   0
    512   0   1
    514   5   0
    515   1   0
    516  15   0
    517   4   0
    518   2   0
    519   3   0
    521   3   0
    524   4   0
    526   5   0
    527   4   0
    528  15   5
    529  10   0
    531  15   0
    533   5   0
    536   1   0
    537   1   0
    539   7   1
    541  91  21
    542  83   9
    543   8   2
    544   7   0
    545   1   0
    546   2   0
    547   1   0
    549   1   0
    551   4   0
    552   1   0
    553  10   2
    554   1   0
    555   4   0
    557   2   1
    559  20   1
    560   1   0
    563   1   0
    565  25   3
    566  22   4
    567   3   0
    568   1   0
    569   6   0
    570   5   0
    572   2   0
    574   0   1
    575  15   4
    576  55   6
    578  21   2
    579   3   0

